10000
60 69
39 9
23 52
6 98
57 9
5 63
87 47
19 74
23 76
82 24
71 98
43 58
42 19
100 45
36 28
89 15
6 69
50 3
90 32
21 31
46 15
21 11
26 51
43 98
66 28
86 76
12 59
20 41
9 88
58 54
11 4
17 76
98 83
39 23
79 75
31 34
19 34
78 86
38 48
97 81
93 45
11 79
32 19
87 9
83 62
85 28
59 77
81 56
20 47
28 45
69 87
51 46
36 7
23 10
47 59
11 96
24 33
53 39
9 49
33 20
29 2
74 46
64 40
90 1
16 48
73 11
95 55
8 71
18 24
1 29
38 58
33 100
57 9
2 61
56 11
31 25
13 32
5 92
59 96
71 44
35 1
40 34
47 59
53 37
17 93
13 29
32 40
65 27
89 59
25 52
18 66
78 8
40 62
92 78
41 59
8 22
21 27
49 1
8 16
61 46
40 46
16 6
21 79
66 39
76 10
10 40
58 32
35 9
62 57
90 39
94 66
66 2
50 100
100 58
65 65
78 92
89 8
6 11
48 73
10 44
93 91
31 39
27 5
6 40
30 58
42 19
46 54
100 39
28 54
11 96
5 24
11 99
31 59
59 35
5 42
42 34
12 54
11 13
97 78
90 48
97 1
64 30
90 48
86 45
46 87
75 15
59 74
88 97
23 82
68 54
67 29
45 53
70 67
95 26
19 100
59 24
45 21
77 40
3 75
92 22
86 7
65 77
2 31
98 56
45 55
100 4
21 82
3 60
83 69
87 48
31 68
30 1
81 22
53 57
73 87
88 39
24 86
42 39
66 65
40 95
91 19
12 84
25 47
30 30
9 60
62 44
2 59
50 15
100 66
9 90
21 71
67 17
44 3
28 77
24 95
55 91
92 26
17 80
75 54
48 64
1 21
94 21
59 43
91 65
41 57
86 91
14 48
41 59
14 48
45 58
52 66
66 6
37 52
23 37
53 86
42 15
95 14
11 70
19 36
97 94
56 45
40 6
83 3
74 76
94 2
93 94
1 35
38 24
44 82
78 49
69 61
88 44
80 87
39 76
66 72
10 43
45 25
1 65
37 17
12 10
22 49
93 36
76 10
74 49
88 84
19 67
18 91
81 28
13 27
81 11
46 15
43 6
83 82
90 72
40 10
39 79
9 3
84 35
88 66
81 41
6 12
41 26
21 90
14 18
65 71
76 97
17 58
70 22
86 65
9 21
46 96
72 28
47 47
40 97
86 84
17 83
54 68
11 69
51 63
11 25
84 40
69 93
15 17
69 11
100 75
79 36
35 1
62 64
72 74
89 19
28 90
60 82
3 47
69 51
67 69
27 58
75 35
82 70
1 91
76 6
18 46
3 20
6 86
78 9
98 77
87 71
41 87
72 19
87 22
45 78
93 18
11 48
67 95
63 12
1 63
4 93
94 45
78 76
6 38
17 45
74 31
96 33
37 25
32 20
44 92
11 22
92 78
91 11
34 9
67 36
79 94
49 56
75 30
41 37
75 21
45 73
90 57
90 49
89 30
82 12
8 28
5 41
97 89
98 33
47 38
37 26
69 66
29 66
8 10
85 26
30 8
86 7
83 87
5 54
30 36
83 9
37 61
16 9
77 23
20 7
83 29
4 90
96 47
89 36
19 67
52 79
4 70
27 69
45 57
68 56
24 22
62 69
79 65
90 66
6 57
68 100
44 25
55 24
42 26
52 60
34 71
43 71
20 45
48 95
85 29
20 2
96 18
98 58
77 19
11 83
56 58
4 85
72 87
80 33
34 14
22 68
92 15
8 65
55 54
53 97
71 62
75 97
16 66
93 72
5 67
5 41
39 11
9 21
26 98
4 81
85 64
7 75
100 11
98 15
44 17
51 43
15 20
10 54
11 26
79 4
91 78
22 88
78 26
51 16
84 99
74 61
68 76
25 36
42 76
60 12
31 17
3 48
16 56
11 23
23 100
89 60
5 65
8 88
100 36
66 60
91 29
38 59
11 81
81 19
58 64
82 10
99 67
84 10
44 35
50 78
45 50
100 43
77 70
98 66
42 45
96 46
56 42
6 98
70 95
89 20
49 17
72 84
47 12
91 71
29 89
55 9
76 87
2 8
71 35
19 45
69 53
33 36
7 13
33 2
82 84
67 69
4 25
44 57
53 77
76 23
71 33
2 36
10 17
95 78
74 39
45 69
92 16
62 54
45 7
2 29
41 98
70 81
22 9
8 49
2 98
55 71
83 79
92 36
42 86
82 19
26 66
24 65
71 40
22 43
65 28
48 49
35 92
43 38
64 47
42 62
18 11
82 76
5 4
60 58
56 10
74 50
18 25
25 41
39 41
97 65
57 64
57 69
62 2
14 34
16 42
52 78
41 39
52 92
83 56
57 30
24 87
58 5
71 20
17 61
53 6
59 74
65 62
65 21
83 100
80 80
84 10
16 99
8 54
59 57
7 15
17 29
62 52
11 53
93 8
44 37
67 22
100 13
60 64
29 1
8 28
44 3
43 26
61 19
69 84
77 50
92 100
76 90
91 40
81 1
96 11
56 90
73 53
20 56
40 96
13 32
65 50
38 46
6 88
70 41
21 49
86 12
53 67
31 26
5 68
45 10
35 65
70 61
1 45
62 45
55 57
78 31
98 85
32 35
8 79
15 11
100 89
72 25
33 25
8 44
87 19
52 50
11 64
40 58
13 57
49 1
49 72
9 60
14 86
84 22
73 32
87 74
55 23
29 91
62 16
81 55
92 45
43 92
53 28
41 75
22 63
6 16
53 47
62 33
25 100
13 4
75 45
56 2
64 2
80 47
41 92
78 60
93 91
89 30
1 42
60 5
1 63
13 31
68 65
8 46
46 43
43 46
11 23
62 32
49 98
19 39
3 42
44 66
20 26
18 2
56 73
20 42
50 58
31 43
69 55
85 53
23 81
55 69
8 42
86 13
12 81
6 3
32 78
2 44
94 20
22 76
62 85
86 35
16 14
18 12
69 89
41 51
92 72
49 20
67 89
89 88
17 67
57 50
42 60
91 12
29 79
85 15
55 94
14 69
65 17
26 95
57 46
89 4
38 60
12 89
42 20
76 7
46 10
71 92
11 88
75 90
24 32
54 72
12 79
79 38
65 21
68 51
30 67
83 12
91 64
55 71
51 91
57 81
63 50
21 68
85 57
61 100
60 75
47 79
53 56
80 63
43 50
67 22
6 82
88 19
26 71
4 1
41 49
91 68
41 80
35 40
32 9
2 19
7 23
32 66
58 23
31 75
3 35
18 71
95 60
41 93
30 35
57 5
91 56
98 93
21 27
89 92
13 49
94 13
53 44
89 72
53 62
39 8
38 59
44 75
46 6
81 25
68 76
85 77
20 33
63 69
83 92
65 93
92 67
59 22
85 14
73 33
17 22
69 40
37 69
73 74
95 96
30 54
22 36
35 98
51 48
65 92
97 11
76 46
72 48
2 16
83 99
3 8
47 31
5 75
56 84
44 64
60 90
71 61
32 52
22 73
93 78
32 69
93 55
22 28
62 22
37 76
99 56
58 58
63 82
5 22
8 41
89 69
15 20
94 49
84 98
52 30
78 39
68 89
73 8
56 71
68 41
5 59
76 18
38 45
47 66
10 64
3 43
43 50
67 38
5 11
74 57
77 57
44 81
91 74
92 46
26 100
95 58
18 50
97 81
25 25
8 46
13 96
73 68
70 75
64 29
21 74
38 31
23 48
28 37
45 82
80 38
30 32
65 86
30 84
34 28
37 88
65 28
78 15
43 69
96 80
36 62
81 5
60 66
23 13
58 8
31 86
41 58
99 26
99 1
6 15
85 25
17 2
75 35
8 23
47 59
36 74
46 69
74 94
52 55
67 95
86 89
60 54
37 39
69 41
20 59
24 30
22 8
47 55
74 100
38 34
100 93
57 91
22 96
77 34
41 76
62 38
49 66
2 18
21 48
88 33
74 24
51 91
23 8
78 20
54 57
44 35
79 69
5 80
64 97
44 42
94 23
63 12
32 32
50 39
20 3
68 21
10 91
44 24
73 3
2 60
2 61
97 53
31 61
14 34
99 48
84 1
33 35
67 86
45 11
80 89
15 98
98 27
48 30
30 36
45 32
90 50
37 94
65 71
27 49
81 24
56 57
64 66
60 12
16 71
83 7
58 85
2 77
90 47
3 29
20 36
84 40
5 91
86 16
28 68
79 21
3 56
2 31
6 59
15 19
59 71
55 96
92 48
27 84
91 82
14 23
44 1
47 65
28 32
86 14
83 51
67 27
57 9
44 58
100 89
98 5
67 59
89 57
23 19
41 93
73 35
28 98
96 56
60 32
88 44
59 49
53 76
61 76
98 40
60 81
65 8
17 11
11 41
43 83
6 16
21 82
79 99
9 25
74 36
36 5
64 94
34 46
61 28
32 79
53 43
86 12
93 87
96 64
4 6
32 4
3 99
58 15
68 18
32 27
71 67
67 28
85 82
91 90
48 4
85 67
41 96
30 41
15 13
64 75
35 83
82 42
85 65
39 78
3 49
29 89
54 76
67 86
60 42
85 93
9 93
31 61
41 6
98 34
41 4
56 99
21 67
92 55
12 40
97 23
5 29
1 2
67 77
87 70
56 93
76 1
90 71
19 36
9 50
21 20
66 13
70 92
29 64
28 37
20 23
45 67
96 20
51 81
21 72
93 62
21 32
31 53
77 18
15 53
85 17
31 23
97 32
66 12
61 91
55 68
29 33
25 93
82 21
22 60
94 99
50 30
50 28
6 66
44 82
10 36
96 10
16 94
72 35
36 16
47 79
78 79
58 17
67 41
68 75
53 36
60 51
50 89
67 23
54 8
75 91
51 24
6 34
2 90
68 27
6 5
97 67
43 16
73 28
79 22
9 15
30 64
74 39
50 56
95 4
90 72
49 77
80 91
43 13
58 13
6 38
31 73
78 23
36 76
89 69
84 62
75 49
75 95
45 7
63 89
32 90
55 69
32 49
71 45
86 37
54 35
87 14
60 15
42 22
58 38
20 28
19 54
8 37
72 57
4 31
79 54
3 43
51 22
79 54
95 24
25 96
24 52
82 96
36 93
50 91
12 59
3 96
6 34
99 79
77 77
93 84
85 76
40 66
100 71
7 49
69 46
77 64
91 92
24 44
68 21
27 52
49 26
77 17
47 97
89 79
29 20
90 6
52 24
71 49
50 18
24 43
61 25
88 89
66 13
34 96
33 87
94 25
92 74
57 77
53 80
100 46
90 5
17 93
88 7
35 29
72 55
67 77
72 92
34 10
13 95
35 59
16 36
85 58
48 91
44 73
34 20
97 50
26 65
39 28
20 94
79 29
82 86
55 25
41 63
85 11
64 63
20 68
48 39
37 44
24 77
47 73
93 23
48 81
3 4
5 11
98 39
83 22
84 100
97 90
41 100
64 10
63 39
48 38
39 4
36 38
52 10
47 26
28 96
27 62
24 85
44 78
18 79
84 37
53 30
12 37
13 71
78 85
68 81
78 62
73 16
71 5
59 10
33 61
17 58
52 28
83 93
43 62
11 83
8 76
35 78
61 94
96 89
22 23
69 54
85 1
66 51
72 93
55 24
87 72
73 98
12 30
8 36
56 4
67 22
16 42
27 1
26 23
27 93
88 10
65 54
83 8
30 76
14 39
20 81
96 4
41 26
54 70
15 88
62 2
95 39
39 18
72 59
10 33
12 74
26 49
50 29
39 93
79 22
55 77
85 90
33 67
21 61
22 84
42 82
81 59
43 23
22 24
68 82
5 63
94 90
44 27
56 51
90 68
43 4
41 81
40 18
87 85
32 58
5 29
56 67
66 56
7 97
7 88
10 20
43 86
57 21
92 68
10 23
81 87
62 46
32 24
68 43
96 32
62 51
95 75
76 10
13 94
41 86
49 68
23 17
67 99
46 29
77 44
88 76
69 50
18 28
65 85
29 84
79 99
43 16
41 44
52 44
28 24
57 22
53 96
80 98
12 61
67 86
30 60
12 74
61 52
70 26
39 17
17 17
56 74
47 59
44 68
69 65
21 25
67 47
98 47
58 57
60 26
54 33
100 23
5 13
36 14
96 85
46 43
19 3
28 84
71 7
63 88
52 78
29 29
62 36
87 7
27 5
10 64
32 44
17 38
12 11
7 67
26 21
55 75
73 10
74 30
50 41
93 59
36 15
37 97
62 64
69 65
66 11
65 39
33 97
59 22
19 43
90 95
4 9
80 95
24 100
1 81
19 43
47 16
35 95
57 99
95 85
6 19
62 19
21 40
11 79
94 57
31 8
66 70
33 65
96 68
16 97
76 50
3 57
86 78
31 93
13 86
27 21
100 86
76 35
76 43
57 94
77 40
43 25
56 64
6 39
18 97
49 73
95 44
92 13
60 72
96 91
33 11
24 95
85 99
81 54
29 72
60 12
91 83
62 99
28 34
70 35
92 26
21 92
89 48
4 16
73 40
83 41
25 26
68 43
3 75
27 8
34 7
28 6
55 11
5 10
96 91
72 88
54 90
63 79
99 37
39 43
39 22
98 8
33 49
7 75
36 24
100 57
26 4
4 32
16 61
78 11
77 61
36 78
30 42
100 29
50 1
23 25
23 65
80 42
41 65
76 88
90 17
2 22
9 70
66 18
37 48
14 70
18 10
53 65
84 34
36 45
91 32
100 28
94 44
61 30
18 24
25 52
74 84
62 100
25 18
69 6
49 68
18 3
14 70
3 1
43 95
22 29
25 30
64 89
14 89
5 20
22 15
67 54
48 16
34 3
31 4
68 73
26 58
68 90
2 24
78 46
86 53
49 90
86 48
48 63
65 73
50 77
2 64
51 98
6 53
20 60
24 47
26 56
63 69
73 9
95 3
66 4
5 43
40 35
33 54
38 32
66 12
94 1
35 91
62 61
4 37
64 9
77 13
34 33
64 22
37 79
44 7
9 100
31 99
44 18
78 91
82 6
3 6
69 90
22 43
50 94
26 30
52 88
53 70
94 44
72 66
12 43
50 85
14 8
53 16
55 89
80 83
30 65
33 12
97 66
45 96
61 42
78 33
28 67
95 82
3 72
25 94
20 5
45 80
22 76
34 13
67 12
50 72
63 67
88 93
23 54
64 53
73 98
49 53
97 35
96 92
76 48
60 71
60 40
12 98
31 29
62 67
60 43
65 37
35 37
1 49
32 56
1 54
21 73
64 76
14 86
52 32
23 44
71 33
70 86
7 45
76 97
91 15
54 16
80 36
10 32
81 78
92 75
61 41
83 48
17 17
80 47
7 79
96 80
9 37
49 15
36 63
73 37
94 75
11 8
7 58
15 81
16 36
34 61
49 77
22 15
93 13
87 69
2 21
84 52
13 60
91 27
70 19
45 42
88 28
85 84
37 39
95 97
1 30
96 58
49 62
52 94
81 14
92 99
27 42
14 63
99 34
32 89
48 11
79 14
25 64
6 48
79 49
36 69
50 13
81 74
82 45
58 33
37 50
6 18
41 20
49 55
85 92
90 96
18 95
35 40
19 14
36 1
73 6
4 50
24 4
55 28
59 96
33 66
88 91
68 34
88 42
23 62
61 18
92 84
47 20
3 12
14 20
38 84
82 32
30 91
75 62
2 89
36 17
10 83
73 97
7 2
15 44
2 67
99 99
4 98
57 89
64 37
14 12
31 20
27 59
11 63
57 90
51 6
26 40
27 95
11 68
49 97
94 57
46 39
33 35
95 98
17 9
16 25
15 80
52 33
94 30
16 16
20 17
55 20
63 97
53 2
53 51
11 100
26 50
65 12
27 80
38 28
71 82
49 53
93 23
62 20
78 95
48 7
96 53
39 58
81 42
33 31
54 71
7 92
82 56
86 85
66 43
21 68
88 6
59 60
94 82
27 14
42 66
15 69
22 41
25 41
66 16
77 73
61 25
1 43
38 92
54 85
21 93
38 62
37 5
94 70
2 14
99 14
59 26
43 81
83 11
45 75
43 28
81 1
38 77
55 85
81 65
72 92
54 76
81 37
13 52
54 100
6 21
32 3
81 16
36 39
95 98
84 6
96 69
10 34
91 21
7 91
77 33
18 6
44 16
10 22
58 24
95 37
67 16
98 60
99 88
41 95
65 80
74 34
89 76
14 2
68 31
98 73
81 36
98 91
80 48
93 53
34 35
47 63
8 52
19 46
11 35
13 92
35 14
19 49
15 32
93 28
69 87
39 45
76 85
66 1
27 16
50 2
72 74
28 86
49 7
92 36
50 61
69 48
52 34
20 69
89 77
81 85
98 59
54 74
18 11
32 61
17 52
40 50
45 29
56 98
79 13
100 7
44 62
56 67
51 43
2 72
21 61
79 20
100 70
16 11
75 38
49 23
14 89
40 52
3 49
86 52
41 39
13 91
7 94
8 85
1 90
31 25
9 98
66 69
5 8
12 76
96 58
76 4
18 10
58 25
49 55
72 55
54 92
59 96
60 68
44 76
8 48
19 26
17 55
9 81
9 39
90 43
72 55
21 35
6 95
3 69
75 26
21 79
4 1
77 27
90 23
36 100
50 68
48 11
4 7
81 96
33 100
54 78
50 96
64 3
3 43
63 56
74 12
78 54
54 15
38 93
26 59
77 26
66 83
78 79
56 50
58 2
9 72
93 60
92 29
65 73
79 32
84 26
36 9
14 65
11 18
51 62
55 10
81 42
54 26
40 77
11 19
71 11
45 83
100 19
88 90
85 10
61 47
3 31
64 15
68 33
80 26
96 17
72 56
29 37
68 14
73 42
43 30
2 93
40 1
43 83
39 42
75 4
40 12
97 17
85 11
15 65
70 3
10 21
79 99
6 93
30 56
27 21
5 82
96 79
61 15
14 54
51 69
94 42
88 92
81 93
40 12
61 9
61 70
56 90
50 9
100 21
4 91
93 54
5 46
22 48
100 62
63 1
76 50
35 86
48 85
84 51
21 37
83 48
1 42
78 49
74 93
6 97
69 76
82 18
28 73
72 98
85 2
71 80
12 52
96 88
61 70
39 63
41 58
57 16
79 9
45 58
81 32
59 35
5 58
71 38
14 31
14 90
84 37
1 99
24 27
37 12
50 70
38 37
93 80
5 56
18 83
46 50
52 77
59 93
65 41
61 66
45 54
88 92
11 96
54 60
99 75
6 98
84 30
44 18
10 12
63 49
48 24
32 25
67 65
73 21
1 27
15 19
1 86
74 72
17 2
63 100
72 80
95 58
31 61
14 64
26 3
40 64
64 1
64 20
96 10
50 46
82 5
13 24
34 86
38 69
5 99
61 75
13 39
34 58
11 13
57 54
55 25
84 31
28 29
79 7
8 58
40 96
67 24
79 69
20 68
94 58
59 24
70 58
65 81
74 70
28 53
21 84
23 63
35 63
88 54
10 81
49 26
18 35
20 80
93 14
4 45
99 74
58 53
13 25
31 76
36 40
97 53
27 6
54 59
73 9
26 24
62 87
31 21
62 18
90 43
56 28
36 55
88 98
29 11
92 22
47 85
74 14
72 2
97 93
60 74
59 34
95 2
49 61
91 47
83 29
78 54
10 30
25 90
12 79
9 36
67 22
97 81
61 3
80 15
22 69
52 18
40 85
15 13
99 20
51 3
46 78
37 82
69 94
7 63
6 58
1 6
30 83
93 80
67 68
30 54
69 56
88 9
78 85
89 71
80 100
1 1
50 70
13 19
36 30
81 88
2 82
24 48
97 46
63 8
99 3
19 77
1 15
25 25
79 38
96 71
98 56
99 89
63 5
32 31
42 30
14 52
23 20
62 17
67 44
23 44
40 8
3 86
21 75
35 47
33 51
26 13
27 82
4 52
47 98
85 21
5 38
75 18
88 59
10 73
9 99
47 88
41 7
89 25
34 1
79 7
70 59
37 45
13 56
91 48
80 40
3 90
20 84
3 25
40 31
50 7
3 52
88 5
4 92
68 95
79 97
100 2
49 61
3 77
84 8
36 33
3 74
10 40
99 39
68 84
3 59
16 94
64 9
6 68
100 78
76 94
1 47
48 33
70 32
38 44
17 26
7 60
47 70
70 71
92 100
25 82
48 56
46 22
73 45
93 27
52 27
17 55
51 57
31 8
100 16
71 11
17 82
84 42
11 17
34 9
96 88
73 35
4 91
25 9
68 4
30 73
35 40
10 61
91 75
21 41
21 89
15 33
21 85
89 19
33 18
41 48
50 20
97 37
91 15
55 88
59 42
8 49
52 96
63 9
28 69
1 91
6 85
75 19
49 20
14 21
59 80
15 67
95 26
3 96
62 38
46 50
75 63
77 6
45 73
97 75
36 2
41 51
13 49
71 100
21 95
2 76
5 4
36 38
78 55
38 29
74 89
32 63
15 94
10 41
26 18
80 31
89 36
99 8
65 7
63 20
30 50
59 46
8 96
82 96
94 96
64 79
65 4
49 75
69 18
58 26
70 46
33 76
29 39
63 6
34 10
72 2
48 23
93 39
17 62
85 24
64 96
32 93
58 80
53 77
9 62
39 34
88 98
56 55
85 82
53 81
84 64
71 48
93 34
56 14
89 81
15 66
70 69
59 12
10 2
70 34
99 68
21 24
7 86
59 87
85 1
87 58
39 37
33 48
46 12
100 85
72 18
98 82
56 59
26 71
6 55
79 12
43 53
88 54
2 24
6 42
29 7
33 83
36 94
24 29
73 98
92 95
89 66
82 47
28 56
84 36
2 73
26 89
32 43
73 56
51 40
6 11
41 92
10 12
73 9
35 5
98 47
24 22
85 41
92 26
78 84
9 12
92 75
94 60
55 7
59 82
65 74
89 70
79 83
7 9
43 59
11 64
58 27
22 20
100 25
78 6
56 84
69 67
55 97
22 26
15 26
48 93
25 13
42 56
49 65
4 29
36 2
58 59
96 96
45 14
78 61
83 74
60 11
94 72
78 13
15 25
67 75
85 47
18 48
77 86
37 17
43 49
98 83
95 85
71 25
99 84
3 58
63 24
32 37
34 92
51 50
82 59
45 69
7 74
93 38
42 24
87 8
65 23
40 98
78 94
81 47
21 27
82 17
71 91
85 71
39 18
55 6
78 32
19 86
34 59
84 8
16 56
47 92
6 15
32 38
56 77
28 43
65 26
40 84
1 80
85 61
13 41
82 14
89 1
74 47
96 2
20 78
18 90
34 95
21 91
43 30
30 62
16 61
5 51
11 22
68 93
52 5
7 79
14 6
72 25
24 7
59 36
54 24
87 44
14 55
79 92
60 24
89 94
48 48
6 26
4 89
66 21
62 96
71 77
47 88
51 65
23 79
83 68
43 28
18 68
45 95
33 70
39 4
95 62
91 32
75 88
66 95
90 88
49 72
37 54
79 72
44 43
73 44
86 88
24 19
18 2
5 91
62 8
85 15
13 5
99 83
92 81
70 77
98 51
49 41
2 41
52 8
17 15
71 15
95 93
61 24
58 68
49 99
4 46
66 35
15 48
65 15
53 29
100 9
34 70
65 9
82 71
80 1
35 8
9 87
56 94
32 73
50 4
64 80
58 64
50 21
49 72
65 52
30 41
58 28
23 96
35 85
57 65
3 18
35 24
47 34
87 92
80 53
48 80
67 68
26 53
2 20
77 11
81 93
98 98
85 58
39 34
36 93
70 26
67 62
68 81
71 4
33 8
59 14
29 4
95 93
97 58
56 60
55 2
50 44
21 87
6 95
99 35
32 14
72 90
78 67
14 68
27 60
34 26
82 85
67 53
54 74
55 28
29 28
7 20
12 91
19 71
48 52
50 9
83 41
24 39
54 25
71 97
15 91
32 100
95 55
44 5
61 33
4 1
22 70
70 90
5 45
49 55
56 51
50 87
41 76
3 41
86 63
43 47
96 35
26 4
60 87
79 26
69 87
100 51
50 75
88 61
26 4
96 1
27 19
1 33
64 7
91 31
82 55
28 42
26 58
89 66
60 23
27 34
86 87
98 77
94 17
64 33
69 90
61 87
79 13
66 8
96 48
3 81
10 68
70 9
26 56
67 94
17 78
84 72
66 58
97 72
35 31
22 62
45 89
35 25
60 7
73 3
42 95
37 20
24 96
79 93
15 84
51 94
53 92
69 31
88 40
76 6
75 59
64 83
70 56
53 86
6 60
88 65
46 99
55 33
54 56
35 61
6 58
23 65
76 87
47 36
57 41
66 56
60 26
90 67
87 92
59 3
62 14
66 37
55 79
90 65
50 53
19 81
72 46
60 17
76 41
14 34
57 100
44 41
10 87
79 23
22 4
46 36
67 19
47 7
36 26
34 99
57 95
89 94
13 92
86 25
62 29
62 31
73 72
82 26
89 85
68 53
62 40
70 32
31 18
93 1
99 82
70 97
49 3
82 7
17 30
27 63
16 65
58 65
66 86
94 88
67 24
16 11
9 80
77 61
60 13
32 53
30 65
5 64
22 99
62 71
1 24
40 81
100 52
72 22
31 7
40 96
65 4
53 76
25 7
2 7
92 78
21 90
13 95
15 9
97 53
3 71
14 25
8 88
56 99
92 87
96 74
69 19
13 25
54 99
51 74
39 76
44 13
96 28
92 93
8 1
35 50
70 57
56 50
56 70
33 5
92 24
85 75
80 2
99 32
31 100
63 38
81 35
8 71
22 43
19 7
24 11
57 26
14 16
36 24
60 62
33 4
45 25
42 74
86 71
99 37
62 23
80 41
55 67
94 55
31 43
42 38
13 78
22 67
65 2
14 35
28 93
88 59
75 23
82 88
51 54
9 49
44 42
61 48
31 80
64 13
51 32
12 19
60 16
8 77
52 15
100 45
29 74
62 14
66 97
56 60
34 23
53 16
90 75
40 55
52 87
52 70
6 87
26 35
87 28
10 39
45 58
76 21
38 3
92 65
82 53
8 29
86 32
45 19
22 59
9 18
4 81
41 10
19 59
23 8
14 58
91 33
92 64
58 23
15 36
6 64
55 4
69 94
29 96
50 46
5 46
17 80
79 67
49 6
76 63
92 87
18 81
80 53
73 47
1 50
66 10
43 21
77 85
42 30
9 3
82 55
30 29
92 9
58 27
1 15
91 41
74 72
14 57
17 67
36 94
43 30
53 73
13 95
88 42
60 10
58 72
40 48
45 19
5 55
65 71
6 88
86 70
70 94
52 30
63 22
55 4
75 12
51 70
78 1
64 3
10 87
39 19
42 87
26 63
6 81
98 16
96 4
87 73
34 79
64 31
65 53
75 88
77 84
19 29
81 18
56 21
8 35
95 78
79 15
28 50
55 76
89 25
31 1
33 20
95 3
69 3
78 36
83 56
49 93
3 28
94 91
53 45
59 23
82 54
4 9
20 86
59 51
70 50
12 34
93 35
57 8
98 80
25 78
4 42
24 96
100 42
51 12
24 62
77 21
83 1
39 1
39 89
80 72
95 97
86 55
24 3
84 99
70 1
7 88
64 13
93 94
91 43
51 6
65 71
99 20
3 87
94 98
88 91
51 18
13 25
87 72
9 50
87 90
37 98
71 25
98 23
16 86
65 3
13 95
11 18
100 15
62 34
10 20
12 26
23 92
14 68
21 22
76 52
71 14
32 40
27 84
98 66
66 64
25 23
13 98
37 35
92 78
61 30
2 18
46 92
31 89
83 31
40 62
91 61
44 72
69 46
29 32
35 65
31 77
75 67
27 32
39 81
90 3
28 90
4 52
65 61
66 2
82 69
47 58
21 85
22 33
89 11
44 96
36 17
31 51
98 96
10 80
47 21
85 36
11 2
61 89
13 70
22 89
24 90
39 89
63 64
3 4
90 36
91 95
6 17
14 47
24 49
22 26
90 63
99 53
59 39
99 27
71 49
39 8
57 3
57 90
40 69
53 75
55 17
100 88
70 19
7 13
15 80
85 77
70 60
63 9
5 57
16 56
33 86
69 69
86 100
9 90
12 26
55 56
73 38
54 41
69 45
42 29
67 26
28 70
77 73
71 69
8 67
47 56
11 38
14 74
86 82
40 79
5 34
66 80
36 6
76 26
17 52
50 11
1 79
82 4
40 41
41 74
91 92
28 96
55 39
60 40
93 93
89 49
99 91
14 37
37 81
88 58
83 32
53 97
91 74
90 87
6 75
77 8
42 37
24 43
6 29
9 80
61 21
74 88
82 84
27 25
31 68
34 77
13 27
88 66
40 33
48 13
70 1
38 35
70 16
81 97
67 85
1 73
16 81
6 40
97 50
76 17
50 26
8 68
50 3
21 96
91 29
75 57
92 82
85 83
12 32
95 71
78 42
29 53
13 86
61 63
57 39
39 62
32 92
50 62
30 58
24 1
38 88
43 66
29 97
14 74
72 95
8 98
5 40
21 97
33 91
17 72
50 20
65 13
95 100
30 31
95 71
71 71
42 47
30 79
39 10
92 70
12 27
91 23
27 12
53 41
28 40
66 1
16 45
88 89
77 69
75 55
6 50
98 5
87 9
35 6
39 44
77 85
62 11
16 32
96 34
23 1
28 53
15 45
22 93
81 14
66 86
45 41
9 79
95 23
62 13
25 28
90 18
6 3
18 84
96 100
19 58
72 7
91 32
47 69
87 79
80 79
25 49
34 14
64 76
20 50
87 26
32 7
19 77
72 30
38 33
57 95
33 8
92 16
40 96
2 70
46 65
19 80
41 81
36 52
29 36
54 13
63 93
63 18
48 9
91 78
72 17
71 28
18 78
73 61
36 89
79 68
64 91
83 82
20 11
28 9
42 12
10 98
9 55
25 56
68 77
98 78
87 45
19 29
11 16
71 39
9 79
42 32
74 41
12 22
70 76
59 4
13 29
86 92
85 5
26 62
66 71
20 30
86 42
69 44
99 46
1 85
14 72
84 76
57 19
97 38
2 72
81 46
45 24
12 96
38 96
1 21
51 65
37 84
7 23
29 31
34 83
43 100
6 61
57 50
12 99
89 77
67 94
68 89
70 34
48 89
95 59
9 89
94 44
69 69
8 37
75 3
17 96
61 41
65 41
52 45
72 43
32 6
8 6
47 87
49 41
95 54
86 35
48 71
69 47
8 89
96 89
51 46
11 68
46 67
23 28
65 44
74 60
61 56
87 5
76 75
2 13
36 69
14 51
53 33
92 80
5 9
51 87
21 25
28 3
45 44
66 89
92 24
28 94
47 28
77 50
6 94
41 36
27 48
61 52
90 5
13 59
40 13
38 33
73 69
72 2
42 10
36 85
60 83
93 6
99 36
29 18
46 54
23 61
76 62
93 70
8 81
19 39
100 29
70 2
67 75
68 61
75 24
49 40
16 69
32 67
41 15
38 34
61 57
82 69
21 74
62 48
30 19
27 55
10 68
96 37
2 32
53 28
94 19
55 27
22 71
64 51
64 6
54 50
1 96
30 54
5 57
46 71
77 17
36 23
15 72
7 22
45 34
55 82
64 99
45 57
24 28
32 22
29 27
67 43
68 9
54 99
31 80
14 13
7 28
43 38
81 71
2 83
2 85
37 73
18 27
19 24
42 87
54 16
27 7
56 29
67 65
65 11
65 71
78 8
14 79
12 81
49 20
89 73
9 20
22 18
87 24
24 22
68 10
76 71
74 17
23 58
58 86
52 30
20 67
7 59
20 85
43 65
40 49
5 95
85 38
44 32
84 79
66 6
99 56
12 7
42 15
98 52
84 51
49 24
8 88
80 7
63 58
26 68
80 97
93 26
84 90
85 80
99 84
48 26
55 44
91 10
3 40
12 21
24 92
4 9
77 55
71 4
17 12
78 97
43 45
31 68
72 31
94 22
48 88
60 75
96 97
11 92
70 8
19 3
45 93
95 79
31 79
39 87
13 23
40 93
4 80
25 66
52 24
89 91
40 32
14 11
55 93
73 86
91 59
12 86
49 5
39 66
71 30
39 83
47 59
88 20
29 25
57 89
97 41
7 85
2 67
81 1
87 34
3 29
9 47
29 41
38 89
26 73
92 85
91 85
72 83
17 55
91 49
95 99
61 43
35 45
53 61
9 70
18 2
75 38
81 2
50 59
30 39
41 49
83 73
67 90
82 68
43 63
22 93
47 100
60 67
47 61
25 59
57 87
64 64
8 86
60 13
3 100
100 73
94 55
77 72
33 82
31 99
44 98
39 54
13 81
91 79
38 79
54 92
5 31
34 91
19 48
32 54
80 4
47 98
85 67
49 33
26 57
39 35
95 68
94 31
33 88
13 87
81 4
38 40
4 85
35 63
19 8
8 3
12 13
95 17
63 1
28 41
99 77
77 93
5 9
46 96
87 43
53 38
16 39
51 7
7 31
67 16
5 77
20 29
35 12
50 50
60 40
51 74
67 59
64 75
3 81
12 19
34 44
15 21
60 52
83 74
56 25
24 11
61 98
28 43
16 19
100 72
21 12
71 6
93 7
47 42
6 77
75 76
56 45
7 38
73 12
8 64
22 37
44 76
4 33
14 21
9 5
31 4
24 99
53 66
86 2
76 66
68 35
47 100
64 56
62 2
27 11
25 34
70 59
46 94
9 67
4 14
43 52
85 83
21 1
42 51
64 60
52 45
48 69
44 83
86 20
39 41
16 29
65 60
36 70
84 63
65 21
67 66
19 48
2 34
90 79
13 61
30 89
20 78
51 47
17 97
51 92
33 11
23 71
85 69
43 2
1 47
38 53
69 84
13 63
100 90
46 64
24 56
62 37
17 44
92 87
15 41
15 84
92 75
36 76
45 81
30 36
44 43
23 7
54 99
17 51
64 41
93 69
79 74
69 60
51 66
40 37
99 87
36 86
71 82
63 5
40 42
66 28
71 14
36 14
41 9
72 3
6 44
68 55
95 49
60 7
5 32
83 48
88 14
35 61
18 45
99 27
28 3
66 98
48 12
59 34
25 57
21 71
12 67
93 27
85 33
35 8
42 84
16 52
69 48
23 63
56 38
39 48
69 10
46 96
84 75
68 80
33 48
49 5
37 3
22 31
57 20
75 35
85 9
8 55
90 66
87 9
96 56
54 4
2 60
62 93
60 25
15 12
24 59
35 62
80 58
17 27
79 66
96 78
96 88
51 92
70 93
11 66
86 78
99 31
55 85
14 42
82 14
96 41
37 73
31 33
5 86
23 62
51 1
58 48
54 37
60 28
8 84
73 16
12 37
40 6
43 88
76 4
78 55
8 45
11 67
78 64
87 50
72 68
73 73
33 26
13 16
41 54
1 97
27 9
46 63
87 20
76 74
77 67
82 51
3 82
23 77
47 73
36 82
1 40
18 91
52 37
36 43
70 13
95 67
65 14
38 9
100 93
47 30
76 53
93 29
61 95
78 32
98 96
44 12
23 4
5 82
33 82
28 25
81 46
37 43
18 84
96 61
17 71
29 72
54 83
47 23
16 15
46 15
63 8
57 73
54 24
76 23
19 89
27 23
40 75
85 92
84 87
73 33
19 14
52 55
2 61
77 68
82 24
49 84
56 67
18 3
64 71
79 21
1 49
65 5
47 7
37 29
14 91
30 22
7 88
53 13
8 50
65 12
75 54
30 28
77 96
64 53
85 100
79 49
9 80
5 80
70 19
79 17
16 34
27 30
3 28
39 69
49 68
79 65
13 10
77 4
88 91
63 24
77 67
30 10
38 53
9 7
28 48
22 74
16 92
19 79
46 64
97 17
13 79
67 79
83 66
54 60
15 74
72 62
55 96
29 96
48 20
23 72
57 79
74 16
11 37
30 100
21 97
38 28
69 76
48 62
63 71
41 67
18 12
4 23
46 52
27 66
37 4
99 21
64 72
76 45
94 86
56 34
33 90
40 62
52 99
42 86
58 37
21 4
27 99
97 53
3 4
46 57
66 85
26 14
81 34
66 97
56 5
5 3
10 72
89 58
3 4
85 27
62 13
5 66
84 9
97 31
16 18
54 1
16 42
50 97
82 51
95 99
52 74
75 14
40 76
45 85
41 97
20 99
49 54
77 39
64 96
96 80
75 60
85 63
67 42
31 25
74 96
74 22
79 16
53 30
42 66
36 64
12 67
53 73
33 34
52 20
75 27
72 60
43 52
55 14
14 8
98 68
38 100
46 34
76 15
88 59
69 100
76 13
70 83
67 94
62 28
12 72
48 5
30 46
41 13
15 65
46 37
50 87
20 50
77 47
74 61
71 48
64 75
68 99
51 34
100 92
10 46
79 34
82 36
1 80
87 42
86 47
70 42
65 29
39 19
18 56
28 6
1 82
82 34
24 15
44 44
26 67
51 42
85 71
38 26
63 94
77 67
4 14
45 32
24 88
17 64
92 78
42 37
67 10
93 1
25 48
29 30
54 22
20 82
3 75
56 64
69 12
39 11
40 91
63 97
73 82
44 43
88 63
27 29
96 43
79 36
83 34
55 66
27 65
56 37
52 69
66 3
16 79
33 35
23 70
47 90
51 34
61 72
68 82
64 35
17 78
13 99
53 99
29 16
57 46
78 23
73 56
88 72
68 9
38 65
27 25
90 2
94 66
80 58
10 61
78 20
43 8
20 96
68 25
86 62
92 63
36 39
92 32
33 32
91 95
78 18
75 7
33 53
27 71
16 22
36 8
46 59
25 22
90 85
16 11
77 22
94 48
56 57
88 7
95 4
26 8
37 70
64 8
57 22
62 34
32 66
71 72
40 92
51 33
15 70
99 12
94 50
3 41
85 59
3 74
17 55
31 19
22 84
82 91
25 48
95 30
11 85
6 11
59 63
14 73
63 20
79 39
18 93
84 89
29 13
93 35
20 15
53 72
23 11
77 64
27 5
30 22
11 5
99 53
23 9
87 9
85 47
23 55
1 57
22 75
77 35
51 17
47 92
100 1
2 9
2 18
97 6
69 75
67 75
77 9
33 82
35 71
28 91
80 100
90 71
63 34
44 38
27 62
75 14
97 41
94 70
57 15
16 17
72 2
10 33
49 57
53 39
8 24
98 36
17 83
82 21
18 99
84 61
14 100
50 88
29 91
64 12
75 93
31 22
41 40
66 99
27 45
98 60
60 97
40 51
46 17
73 24
53 82
79 46
98 81
66 83
22 45
61 19
65 36
16 65
35 17
96 15
50 99
80 1
47 97
74 59
31 12
29 18
31 29
38 43
49 24
42 83
65 90
86 24
27 62
5 52
68 79
51 7
28 35
11 22
17 75
66 25
17 49
43 18
45 94
93 70
38 38
13 18
76 59
20 84
71 59
64 71
51 71
44 71
49 51
14 34
91 88
6 3
39 11
84 29
50 14
3 44
54 61
47 52
15 98
96 30
76 16
47 30
96 40
70 95
56 96
36 31
49 91
53 76
2 43
83 96
71 18
20 67
9 33
3 42
67 47
73 70
49 39
19 23
60 46
94 92
20 56
55 58
65 13
27 48
85 13
12 20
81 95
8 24
83 48
78 46
86 44
28 56
91 13
25 39
54 63
66 60
50 85
15 34
77 18
17 15
47 60
76 67
41 65
10 59
24 43
1 56
64 4
4 97
86 65
1 25
86 16
54 39
38 2
47 35
56 17
69 58
2 58
59 42
27 1
98 95
20 12
54 71
41 52
52 35
6 88
61 67
64 98
20 78
50 28
84 79
37 25
47 22
68 84
18 74
36 14
19 50
75 15
13 64
2 84
21 34
49 64
60 15
4 69
72 87
17 71
86 91
11 47
66 6
81 28
4 19
31 37
64 95
51 18
31 59
87 48
53 63
80 39
21 39
32 47
41 99
35 10
62 82
57 26
54 97
81 26
67 77
50 9
61 51
43 9
36 3
42 78
11 9
82 46
18 3
72 89
28 90
49 87
14 66
55 23
19 81
100 65
53 34
1 67
84 87
12 43
19 34
82 79
33 56
79 18
43 62
58 95
82 22
1 50
8 61
13 9
2 48
34 25
71 56
4 75
76 68
24 61
22 21
83 100
78 39
62 59
5 30
43 90
67 12
47 31
69 58
24 71
75 69
22 29
75 23
67 55
18 8
75 42
33 75
49 80
82 40
69 87
91 3
86 56
55 57
81 77
13 75
35 8
71 67
10 7
72 43
32 91
33 88
90 47
11 38
10 52
36 68
3 56
29 85
14 95
76 91
55 54
10 55
29 15
48 81
15 86
33 46
80 99
82 55
52 22
36 58
68 24
80 70
27 72
19 6
55 40
83 89
32 90
32 27
91 31
81 14
85 29
44 46
6 52
67 52
81 26
73 75
87 60
89 89
96 45
63 35
61 44
10 88
68 90
19 20
41 100
13 89
65 26
14 57
35 99
23 67
70 85
63 44
17 71
23 51
3 27
78 52
34 17
22 26
82 58
14 44
87 57
57 95
60 39
31 94
55 56
3 86
73 41
41 100
55 9
22 70
35 47
79 38
55 53
38 11
6 3
82 93
31 62
28 84
34 11
85 2
1 58
48 23
55 33
93 47
47 19
14 62
40 47
50 38
72 60
49 26
50 55
63 98
73 26
62 87
41 44
86 92
86 82
19 71
41 97
92 52
21 67
52 65
99 29
29 5
50 73
31 91
3 98
94 66
89 60
97 52
96 89
41 48
59 26
55 77
84 93
31 96
47 2
12 93
75 28
53 64
19 94
44 76
35 91
27 85
38 94
56 28
74 22
93 34
57 39
75 51
60 6
90 74
52 71
67 96
68 16
83 50
61 14
61 41
63 46
52 1
3 14
89 94
89 95
62 19
89 39
3 86
98 89
56 73
16 74
22 13
51 35
53 86
89 77
95 69
12 45
22 17
90 67
5 6
97 18
65 46
90 2
46 8
29 66
18 92
39 98
70 10
56 91
38 94
29 62
75 34
82 52
3 63
52 11
58 34
17 65
25 75
36 45
25 35
66 71
77 56
69 98
36 72
41 22
7 82
43 29
93 55
89 34
68 1
37 56
58 9
12 47
44 41
45 72
16 58
62 86
23 80
68 51
61 63
68 60
5 62
32 83
9 25
74 48
25 63
31 41
14 62
100 55
87 62
51 72
32 98
85 99
93 14
79 58
34 75
34 41
80 59
67 58
4 100
64 68
52 44
81 76
48 95
54 56
31 89
59 67
30 18
57 83
52 84
61 82
89 63
94 14
37 45
29 26
19 85
74 21
89 4
50 50
76 49
95 94
55 45
84 7
81 13
9 42
69 47
7 43
51 55
83 66
43 96
34 31
3 38
30 77
6 69
81 30
96 74
20 60
92 35
83 93
67 24
14 16
25 77
33 59
32 92
1 5
47 79
98 64
94 64
8 12
40 30
83 89
42 25
61 37
83 84
95 61
91 79
79 68
86 53
30 72
83 25
87 22
90 48
69 34
4 37
76 41
62 53
51 96
84 19
94 71
35 44
64 96
2 75
15 92
81 94
82 100
47 56
24 54
28 12
40 65
66 67
84 49
58 33
73 50
30 23
4 87
67 91
63 87
78 17
95 90
49 85
6 88
94 78
7 95
23 67
67 81
57 20
31 47
38 31
32 15
19 5
5 76
50 5
4 71
82 16
14 75
87 45
43 1
21 3
43 88
23 69
97 17
24 71
41 94
83 29
2 54
13 21
25 80
68 87
69 49
31 100
71 52
52 3
87 61
85 70
75 21
32 26
66 76
21 74
34 37
86 75
25 86
66 85
94 100
78 93
10 73
20 89
7 74
51 22
40 44
18 17
33 48
41 27
63 88
91 7
33 28
94 34
84 34
29 84
47 23
93 88
1 1
19 44
47 15
49 45
99 61
64 99
78 78
56 28
19 21
61 4
18 55
67 100
30 80
29 69
83 36
6 27
10 28
45 64
3 25
32 76
45 1
5 37
62 100
61 99
90 53
4 90
88 83
25 49
11 53
57 62
89 40
77 84
95 90
18 82
20 33
10 1
7 17
61 62
98 75
26 49
100 71
80 74
92 96
86 19
95 40
54 7
9 48
27 4
63 42
70 19
82 27
3 14
32 66
67 68
31 79
31 2
3 91
44 11
96 22
20 59
35 53
45 83
29 8
80 32
50 69
100 30
64 85
15 35
31 50
49 9
5 85
76 83
74 48
50 98
40 44
12 11
52 59
78 67
44 96
2 54
18 71
79 1
16 29
10 48
43 53
93 34
48 49
38 17
49 56
59 14
4 21
96 23
6 98
64 70
96 14
48 5
77 49
73 98
32 100
76 55
74 96
88 70
29 100
33 38
38 72
65 99
95 75
71 54
84 33
18 70
35 89
99 15
10 41
85 52
92 4
91 5
1 31
50 98
40 20
17 22
29 94
54 5
53 2
15 94
32 93
97 58
48 48
10 13
81 60
10 80
15 51
5 66
1 16
45 13
79 97
63 9
93 59
64 94
62 57
11 27
10 92
29 19
31 24
52 39
58 83
20 78
8 6
43 83
96 13
36 46
40 15
84 48
39 24
98 59
19 21
21 2
18 37
74 11
80 53
60 93
24 77
1 52
26 26
17 25
12 7
5 94
79 63
90 58
62 46
58 25
63 37
21 20
21 95
59 8
23 30
30 94
97 49
18 43
62 33
73 97
50 77
42 42
51 52
15 70
61 58
21 30
5 90
4 5
94 48
42 78
17 11
50 71
90 27
55 83
55 72
33 10
38 24
64 70
65 61
74 46
74 2
8 11
7 29
100 35
45 19
73 59
5 95
54 47
71 33
52 15
65 68
90 89
28 71
83 93
11 93
33 58
28 71
8 39
34 87
78 66
55 70
28 85
69 1
12 16
83 58
90 24
66 45
18 82
3 64
32 63
23 30
79 25
81 62
12 62
71 20
4 34
38 76
46 62
72 34
63 86
3 19
22 86
53 17
34 30
67 8
35 35
90 73
67 64
79 62
19 63
19 80
97 35
99 61
67 2
31 56
56 24
18 49
37 12
85 93
76 59
21 75
5 9
48 27
36 46
90 54
95 81
30 94
23 17
55 83
16 43
68 35
84 91
27 16
16 39
20 67
30 43
71 67
95 28
95 69
58 19
47 62
41 67
48 61
44 99
24 77
38 47
7 31
26 5
73 91
85 56
28 36
54 71
11 91
54 84
57 74
37 73
30 58
94 17
59 50
90 50
23 18
40 95
67 10
18 14
72 90
9 49
70 85
64 20
32 34
45 25
43 31
38 80
49 23
71 5
92 79
78 83
41 15
40 73
88 90
3 41
100 84
3 34
89 9
55 45
64 75
50 38
13 3
69 24
91 43
50 40
28 88
59 87
39 84
47 22
87 68
85 34
61 36
96 33
46 38
89 56
79 89
40 41
84 68
35 100
49 23
89 30
95 68
51 55
81 21
44 31
49 82
68 22
18 56
22 32
72 92
71 44
39 58
40 33
88 79
63 90
84 9
12 15
51 23
70 74
100 33
89 25
48 15
63 48
73 77
6 8
75 44
59 76
27 57
72 30
3 8
17 22
29 71
38 95
60 60
14 78
100 7
91 56
90 16
57 65
36 27
44 100
57 38
96 16
95 28
94 15
32 80
71 66
23 29
57 91
43 78
2 14
58 93
16 50
38 18
32 53
58 83
66 45
42 15
94 62
71 27
25 41
57 43
39 70
69 68
67 36
55 5
71 76
73 28
81 56
41 52
74 8
77 100
67 16
10 80
91 81
74 74
30 29
17 91
74 18
87 65
4 53
26 24
87 19
80 77
89 24
66 75
4 29
93 58
7 22
77 88
72 62
37 75
95 75
4 6
66 21
23 90
84 73
26 10
62 46
74 30
55 36
81 63
83 55
67 100
48 66
53 58
73 42
85 29
98 94
27 54
86 78
28 82
18 11
20 60
5 76
3 68
28 27
21 21
37 15
14 26
34 84
67 95
58 83
29 55
19 64
11 26
90 60
94 50
80 89
7 11
79 94
60 52
8 93
99 20
27 77
72 60
8 83
30 41
23 16
64 8
75 24
67 93
84 64
26 45
4 10
93 1
1 74
11 41
82 28
45 86
5 22
8 74
92 48
22 51
100 56
74 8
26 64
8 96
6 94
66 17
7 69
44 72
49 78
53 89
20 82
51 62
32 87
84 10
48 84
39 9
61 36
19 55
43 75
42 94
38 97
88 72
21 53
36 80
80 18
80 40
49 30
91 91
16 3
28 51
4 94
22 36
45 53
44 63
75 1
41 45
55 17
30 87
35 72
5 14
21 81
69 83
90 47
5 94
61 43
7 57
23 1
35 93
19 15
84 94
79 4
10 83
25 12
71 63
57 49
35 28
12 99
3 21
2 89
38 90
30 98
20 6
58 25
65 27
98 21
18 37
72 76
56 3
98 67
83 30
74 86
25 78
56 93
59 1
100 90
52 95
11 92
68 15
9 96
30 94
6 52
90 32
75 76
99 38
25 16
54 97
46 16
96 22
7 20
85 56
98 22
74 73
50 78
64 60
65 82
95 12
48 52
10 21
41 31
61 42
81 1
48 12
58 54
64 70
81 34
1 12
43 30
94 98
76 100
49 19
84 10
46 100
98 19
44 38
36 77
51 66
98 46
35 87
5 61
30 62
51 73
100 78
22 79
20 57
70 3
19 3
22 17
13 71
76 99
26 62
17 43
76 9
50 77
60 11
29 7
95 86
28 74
58 44
85 42
38 75
86 42
5 22
90 40
27 7
81 67
41 13
78 27
7 69
6 6
42 42
24 37
54 74
77 53
43 98
63 37
36 91
48 53
66 34
89 80
43 55
92 52
76 47
36 98
68 6
85 90
90 2
84 70
8 74
16 58
41 20
81 87
27 92
95 13
69 23
43 82
6 20
62 80
93 6
6 92
80 90
39 41
90 28
32 77
6 30
47 21
78 20
61 61
11 44
15 17
32 27
10 52
2 2
73 96
88 68
87 74
97 77
32 96
35 62
66 97
60 66
72 59
5 7
51 69
83 35
12 33
15 63
38 57
27 19
72 48
62 37
22 72
27 38
25 76
77 28
35 98
100 82
84 67
97 46
11 6
61 69
49 54
39 22
15 18
92 73
3 42
58 7
72 64
34 34
40 11
63 41
68 68
61 90
59 15
47 15
96 53
15 22
19 92
16 9
19 77
60 96
83 34
18 74
90 17
38 61
87 3
46 52
63 82
73 84
91 60
42 82
49 97
10 61
98 27
8 29
16 53
97 37
26 47
13 22
40 44
58 88
38 17
69 57
52 5
54 53
50 38
21 93
56 7
90 34
20 36
33 100
29 69
57 50
44 19
96 11
24 91
8 2
40 40
99 22
27 5
76 64
64 8
12 20
38 41
82 42
100 35
15 6
31 20
26 60
90 91
70 48
7 9
5 39
89 67
39 3
12 33
43 20
12 46
88 61
89 12
70 94
4 93
32 68
69 73
33 79
78 16
81 35
11 83
31 76
63 50
85 40
86 22
91 21
53 17
99 36
46 50
69 93
17 25
29 41
60 87
17 91
71 81
12 25
58 54
54 80
99 62
2 83
30 84
88 71
50 39
33 21
69 98
15 45
35 44
19 68
32 58
67 31
47 85
91 66
42 66
69 15
88 51
53 82
71 71
38 3
74 14
35 15
56 30
33 16
16 59
55 83
71 11
91 88
48 32
29 29
82 96
90 44
63 15
64 10
69 5
17 74
66 39
55 36
74 5
42 5
45 37
28 25
23 25
74 54
60 8
75 48
33 31
6 55
42 35
94 76
74 46
14 48
70 1
36 88
47 70
65 87
30 17
39 99
80 66
44 61
24 92
50 85
98 35
84 59
54 53
46 11
22 82
63 71
81 77
37 55
18 50
47 56
83 29
14 2
91 1
87 46
71 81
20 24
15 98
32 23
10 6
60 63
53 53
78 19
86 85
62 39
30 13
41 58
54 67
100 62
33 6
39 90
58 31
7 47
14 96
1 32
58 10
31 68
52 31
38 28
28 29
3 54
99 46
55 7
20 80
66 26
41 69
13 98
86 26
81 71
21 29
6 87
76 15
19 39
87 62
71 27
60 11
56 18
29 39
5 10
30 96
98 91
29 83
85 34
12 1
11 44
83 48
69 59
48 78
36 65
63 57
46 47
22 5
82 62
21 4
80 97
44 100
8 7
39 85
44 38
54 88
23 42
19 86
89 89
78 31
19 56
78 43
33 80
73 49
19 74
44 38
56 11
96 40
73 22
59 55
60 93
24 58
19 1
100 31
84 48
33 13
7 57
45 76
85 84
82 36
52 17
14 52
33 81
19 81
18 50
54 33
9 71
2 78
33 30
91 97
20 21
87 65
45 68
43 88
96 67
31 60
23 100
96 58
91 7
92 9
47 91
27 71
88 84
2 33
97 11
26 38
57 83
74 59
60 60
96 92
87 44
6 25
76 66
35 26
18 84
30 22
75 46
26 59
60 88
75 92
91 55
97 50
32 72
1 12
47 16
44 19
41 63
71 44
50 39
38 29
100 4
98 1
70 77
88 21
4 29
47 77
11 44
93 6
16 35
69 44
4 99
66 97
84 42
91 24
71 17
96 22
11 66
66 95
16 44
21 79
32 53
99 43
48 39
44 49
48 77
47 99
82 73
25 39
18 50
97 30
24 14
96 39
21 57
37 1
50 29
44 44
20 42
49 55
18 28
61 64
35 73
64 38
48 24
83 69
8 7
43 11
9 17
15 85
10 69
89 37
55 99
77 54
4 76
70 10
61 3
10 70
52 66
37 39
31 20
89 75
50 30
62 92
100 32
90 47
37 55
61 17
56 21
25 16
36 48
51 4
60 52
1 83
90 34
73 16
61 28
39 62
11 5
54 22
20 82
50 85
13 60
72 47
68 45
90 3
5 81
91 50
42 11
23 27
47 32
84 79
35 93
33 19
88 71
100 47
12 8
30 98
72 25
22 28
30 83
2 11
3 10
22 5
64 81
64 90
88 9
97 22
25 60
45 46
60 59
9 46
33 56
29 77
30 29
78 35
16 52
85 14
99 45
3 32
30 66
96 57
93 64
87 82
17 40
97 16
73 1
9 83
96 47
22 68
52 40
68 30
61 75
8 77
56 3
50 66
93 88
30 77
15 73
48 24
95 61
93 41
66 56
58 60
32 63
50 34
87 93
11 99
52 35
12 22
91 99
74 58
80 66
62 97
52 30
87 22
32 72
90 84
40 96
96 44
83 68
85 97
87 77
45 34
62 5
62 21
94 13
61 15
88 10
65 36
13 78
27 43
87 97
93 6
54 52
33 85
56 21
5 12
84 14
65 11
67 5
19 96
60 100
19 70
83 71
31 75
38 42
48 11
99 58
22 16
51 24
46 78
86 35
56 40
62 44
79 81
16 86
30 39
70 95
98 50
66 22
95 34
44 90
32 11
61 59
34 35
52 81
23 9
33 48
7 5
32 41
40 12
49 79
98 32
66 35
38 72
7 39
78 38
99 90
39 97
24 5
96 25
29 21
14 22
2 1
23 96
42 11
58 36
5 9
11 61
16 22
80 70
46 48
31 76
76 6
42 6
42 21
40 39
65 28
98 48
78 86
27 62
80 29
37 60
40 7
16 7
83 24
22 100
4 82
9 74
56 75
79 54
4 88
37 92
10 20
79 84
99 36
60 54
39 33
63 37
19 57
52 21
77 41
16 35
9 1
91 15
27 19
49 59
23 73
45 71
100 40
36 74
95 30
58 23
75 40
64 62
33 5
97 61
76 73
2 8
71 55
44 3
32 70
11 34
42 8
12 5
70 92
80 57
63 2
34 95
8 83
11 86
4 78
31 57
57 14
60 11
65 58
99 64
25 61
91 60
83 62
45 45
55 71
30 31
22 76
13 65
94 88
71 57
19 53
52 7
57 42
9 68
71 95
97 58
38 95
98 60
67 65
97 32
98 24
71 52
9 20
33 60
24 47
91 86
14 25
28 24
70 2
54 14
29 56
93 79
18 3
88 2
56 74
27 96
13 65
70 65
67 45
74 69
2 5
1 92
46 43
92 39
60 64
24 47
71 69
37 77
46 36
61 62
45 98
38 54
78 28
21 20
35 35
90 88
98 35
95 90
50 46
35 88
9 61
83 46
66 43
38 73
77 4
96 94
57 13
23 72
96 24
3 92
97 31
53 61
11 28
6 13
32 100
75 88
73 75
11 80
46 72
50 10
43 66
57 85
22 9
69 43
61 36
14 32
53 43
43 98
81 44
98 35
62 75
57 73
79 17
34 17
92 100
75 10
81 18
79 75
8 89
66 70
88 94
62 72
13 40
21 38
76 75
65 60
33 39
18 3
31 93
25 33
42 18
78 58
5 24
46 12
12 57
60 76
26 63
20 43
61 56
52 8
65 14
17 3
74 67
26 18
83 64
72 55
36 80
29 6
69 98
97 19
99 47
42 49
49 85
54 91
11 74
21 37
33 35
85 84
59 31
43 94
4 61
34 76
90 34
47 91
11 51
11 30
4 1
38 55
22 34
26 69
43 33
25 21
17 79
28 64
83 40
18 66
87 52
31 52
77 29
58 52
21 46
100 69
78 11
28 5
46 16
96 93
80 99
64 85
1 48
34 60
43 75
34 25
63 82
13 29
23 65
53 9
18 16
10 50
46 57
97 88
20 26
44 39
24 5
25 5
85 19
100 96
57 46
34 35
94 92
12 60
63 6
35 35
67 71
24 62
5 61
54 71
93 81
34 60
45 15
22 65
54 12
72 39
37 27
95 45
40 84
98 38
100 61
61 80
47 15
8 6
72 39
26 38
8 17
29 50
61 60
66 19
19 19
82 94
29 32
18 49
41 53
15 29
66 18
68 44
56 58
23 38
22 11
96 53
90 24
97 80
42 4
12 67
30 72
38 72
4 82
91 92
77 37
47 26
80 84
72 2
84 42
70 60
75 69
87 99
44 78
80 42
40 30
65 47
49 75
43 11
30 55
60 17
41 42
25 14
100 2
90 53
38 7
42 78
55 71
33 52
8 47
99 52
57 61
64 33
85 22
88 6
58 19
4 89
8 76
62 5
17 9
37 20
13 20
54 26
66 85
48 83
57 31
94 40
31 56
97 60
48 46
15 55
97 47
86 18
88 54
61 30
29 38
47 33
10 14
47 26
72 60
30 83
13 80
97 6
27 82
61 62
82 52
90 19
77 10
45 82
96 73
54 87
19 51
5 29
50 11
100 6
59 72
94 96
6 37
100 55
47 19
52 35
13 21
18 59
39 4
93 36
95 95
100 40
78 13
48 18
30 70
8 82
16 53
32 33
19 95
26 26
67 93
17 89
78 51
57 77
30 73
76 26
19 85
8 61
83 33
1 37
60 50
38 13
70 53
50 41
47 31
47 59
56 25
18 79
1 29
68 95
7 99
6 94
82 14
70 19
48 11
65 7
43 85
67 36
18 66
42 74
29 33
73 72
13 72
51 4
3 85
22 54
36 53
4 94
80 4
83 35
60 6
14 42
4 81
57 79
87 69
38 19
36 19
53 47
22 13
83 73
82 21
7 6
28 17
44 69
16 42
80 86
29 28
79 86
75 61
100 80
48 32
52 55
74 37
82 14
73 45
49 27
100 76
93 76
86 87
61 38
47 23
2 56
32 66
61 38
92 73
5 4
98 65
12 98
68 82
51 89
12 63
80 98
11 33
16 72
63 71
74 2
58 71
24 69
46 24
42 2
65 24
65 52
37 43
19 5
46 74
11 89
13 92
40 97
48 52
64 82
22 9
18 38
37 28
93 55
35 27
72 80
69 75
87 85
57 89
74 16
99 34
71 11
32 95
6 63
13 42
74 65
13 87
33 44
41 53
28 17
7 17
68 22
75 21
71 11
57 68
62 49
95 67
5 21
65 90
64 8
33 9
96 96
78 35
45 24
70 1
24 49
63 38
50 55
52 46
31 9
31 67
39 50
37 67
5 35
66 52
95 14
41 14
22 85
23 71
45 41
24 66
50 89
37 100
92 2
57 35
79 71
77 87
7 67
92 14
86 94
81 31
84 89
85 31
50 94
45 94
3 8
20 26
28 8
7 81
54 43
36 96
81 10
87 96
28 78
66 60
66 56
22 79
77 32
6 82
80 52
45 90
25 5
5 91
61 30
1 38
57 9
76 5
18 81
79 93
17 25
52 67
57 75
85 18
30 39
77 86
44 89
12 75
54 30
44 74
61 66
16 33
96 55
66 15
55 82
57 63
92 25
84 39
95 7
7 51
23 100
15 55
28 15
12 94
39 44
92 39
21 5
5 96
37 35
12 38
89 53
38 73
52 40
85 31
39 20
28 24
75 32
10 94
93 6
75 1
49 62
61 45
54 99
28 83
19 70
31 7
61 72
29 79
13 31
93 84
67 100
33 9
44 9
81 1
7 9
60 92
93 93
54 44
41 28
69 18
29 92
3 47
98 21
25 60
36 79
94 5
72 48
9 3
19 89
85 55
15 28
48 44
23 48
4 80
61 16
88 97
26 57
42 40
49 60
68 24
66 94
44 8
48 12
11 1
48 96
22 18
2 97
92 84
21 69
72 96
22 76
13 41
29 14
19 17
16 62
47 1
34 24
48 88
48 48
96 24
6 79
16 70
16 38
5 43
88 51
34 77
42 65
7 83
8 86
95 86
66 75
76 61
47 100
10 58
76 48
14 86
24 68
88 58
67 3
84 25
72 29
7 57
3 24
36 70
72 77
91 31
45 54
78 22
19 38
98 65
80 15
21 62
15 97
90 32
8 26
56 56
64 19
66 3
5 28
59 64
7 55
57 22
8 14
12 75
5 8
72 81
21 29
20 11
29 12
72 36
93 84
68 21
95 68
9 52
59 63
46 68
42 66
34 52
18 55
34 100
90 50
51 43
38 19
51 100
13 58
4 61
4 32
94 55
82 72
61 50
45 61
8 61
82 79
26 28
59 55
60 85
79 78
76 79
59 62
100 32
75 89
30 85
6 44
35 6
76 52
96 16
59 69
26 86
40 38
17 68
14 84
25 86
77 80
71 19
38 75
28 22
61 40
45 24
14 91
74 94
96 94
82 1
76 1
53 90
7 34
75 38
57 58
12 42
49 65
54 19
13 16
49 11
12 58
48 74
72 57
57 81
62 8
59 100
66 53
58 6
12 5
77 69
15 27
7 10
39 57
100 74
37 39
72 58
3 10
84 72
47 42
72 84
94 6
56 15
89 55
87 27
81 45
76 44
71 34
51 83
9 22
3 32
78 92
57 46
94 72
11 30
23 41
100 67
33 67
66 56
77 61
16 43
10 37
28 73
78 65
5 18
22 62
23 60
31 6
50 43
28 57
37 94
92 30
30 82
78 2
26 32
26 49
62 71
33 82
10 65
51 2
96 34
21 3
34 80
34 66
78 98
8 57
31 37
37 91
46 32
23 93
52 56
35 80
66 55
67 91
39 11
14 27
31 55
29 70
82 96
75 3
28 42
43 91
5 15
19 19
38 67
6 36
84 64
58 74
20 41
70 18
79 10
52 48
31 15
65 91
5 97
89 71
35 51
4 29
42 66
62 19
5 44
15 55
85 59
34 84
95 48
67 98
89 28
51 92
33 78
45 95
57 40
51 47
45 78
22 70
29 72
75 62
61 66
80 68
25 42
14 38
23 96
57 74
49 39
24 4
79 82
99 43
76 22
56 35
73 10
64 17
78 22
41 78
31 88
73 81
76 7
86 9
59 78
27 23
2 97
21 89
4 41
81 93
54 40
99 52
18 6
28 50
35 19
99 42
40 87
98 38
98 30
42 39
16 37
31 45
52 66
81 7
76 92
58 5
84 26
31 92
46 74
100 95
3 49
87 17
47 85
27 11
8 60
47 86
7 19
6 52
20 44
42 1
71 56
24 35
62 84
57 82
72 87
25 33
26 65
75 55
77 68
33 51
44 81
14 29
100 26
95 53
47 91
99 88
12 95
95 34
100 33
64 84
24 35
82 72
54 26
89 57
4 93
43 55
92 28
66 49
34 18
9 23
7 39
17 31
56 92
13 45
7 24
69 65
97 68
27 16
87 69
79 61
36 87
72 88
2 70
76 62
44 57
12 10
75 31
44 48
71 62
22 28
42 14
67 9
91 36
23 50
48 12
16 85
4 83
48 37
68 59
69 72
95 29
29 13
86 8
41 62
81 74
79 84
40 72
66 18
63 87
51 79
33 16
77 74
41 27
32 49
49 12
81 72
37 30
57 49
11 51
11 95
74 43
12 52
20 28
95 31
25 65
12 94
89 8
63 36
55 42
8 25
65 48
86 19
64 59
6 74
41 59
54 94
58 6
29 90
88 20
7 1
63 45
98 47
100 51
28 66
2 71
46 44
55 13
36 19
68 96
71 39
66 51
19 38
96 10
97 32
95 17
75 91
23 50
40 72
90 81
5 52
50 28
12 48
41 87
31 25
52 87
10 5
65 22
13 92
72 95
43 18
3 77
36 76
16 8
82 43
100 21
93 36
98 43
23 58
47 25
91 88
31 2
84 46
47 65
84 93
53 29
36 42
46 20
2 44
93 94
2 37
12 44
42 47
77 32
20 79
44 99
71 100
89 37
29 61
77 19
24 81
55 65
56 57
60 70
50 90
60 12
88 40
99 29
74 84
98 34
84 73
33 56
84 1
42 48
6 91
68 74
94 78
3 37
87 95
39 2
36 100
92 37
88 27
23 97
10 93
28 91
27 48
44 28
42 45
2 87
17 95
83 72
98 67
82 57
97 97
17 58
53 41
8 18
70 85
44 82
49 71
13 56
44 68
47 70
64 57
87 6
49 22
79 67
44 37
28 20
51 8
93 60
16 85
41 25
41 78
85 92
71 81
57 32
12 31
68 22
61 13
81 94
90 55
6 92
14 35
9 6
42 78
71 63
33 45
71 43
2 29
6 47
86 2
51 68
5 63
67 17
29 83
39 34
35 13
1 40
15 16
21 10
90 3
12 24
25 4
3 47
76 46
95 96
61 93
34 36
4 42
35 8
84 76
98 17
3 32
15 83
68 47
31 43
55 74
85 73
69 28
25 77
66 20
7 8
15 50
66 21
37 26
81 96
83 48
48 33
85 89
5 23
19 16
30 82
99 65
21 84
95 82
66 13
81 66
71 49
68 52
30 35
85 10
7 30
36 67
57 87
6 1
24 14
63 37
56 44
30 34
72 88
17 39
41 28
93 93
72 31
66 21
100 33
21 97
31 29
86 41
21 53
19 55
70 64
12 65
48 47
69 23
4 55
91 66
68 21
64 92
99 65
33 85
17 20
65 88
45 27
73 57
14 61
74 87
41 65
63 71
11 86
35 97
80 84
50 56
16 97
53 47
40 11
46 97
76 93
11 3
18 78
73 19
48 50
80 4
50 60
76 20
22 55
98 53
22 25
4 21
27 99
85 65
53 24
54 72
69 45
19 13
42 74
97 20
91 10
100 31
1 69
64 26
62 45
90 30
65 77
65 98
69 29
98 15
35 54
15 48
64 86
62 17
29 28
2 78
2 100
29 6
25 79
100 43
9 48
21 14
10 42
90 2
23 12
11 58
83 43
15 85
63 15
39 70
36 62
71 76
20 97
1 68
55 42
56 30
3 56
73 24
94 71
21 8
60 56
7 92
64 28
45 20
42 66
69 8
46 60
91 43
37 28
25 18
40 86
94 16
25 93
51 30
83 94
22 96
74 71
87 17
47 56
40 92
62 9
16 17
25 4
42 17
44 27
55 69
65 89
58 36
31 50
72 50
47 30
11 54
77 45
56 87
20 95
71 8
64 95
78 93
12 14
6 97
47 31
91 98
37 23
91 61
50 53
15 39
93 58
28 68
51 89
77 50
39 61
91 9
85 15
17 31
32 99
21 21
28 46
2 62
91 11
9 33
38 44
80 36
84 15
35 29
39 60
11 14
43 97
8 62
32 90
1 30
12 5
96 100
82 87
96 98
42 99
14 15
5 93
18 47
33 36
89 23
40 23
19 87
80 41
98 47
15 39
35 49
98 91
23 71
72 73
72 72
95 65
65 45
53 66
99 21
99 59
40 63
75 14
68 52
61 93
33 81
83 20
13 39
4 59
6 42
68 64
62 96
30 7
42 71
100 98
17 44
31 31
39 41
70 45
36 9
16 54
57 24
8 51
97 8
65 60
85 19
15 44
30 54
79 82
28 53
54 37
56 38
24 83
14 33
18 73
51 25
92 88
79 49
99 34
31 87
7 52
17 36
38 55
87 54
73 17
57 92
60 78
78 95
44 16
25 80
23 78
35 41
41 1
68 97
17 70
96 26
67 44
61 37
28 83
81 76
32 94
71 50
32 7
49 17
60 18
51 89
97 89
22 32
15 54
95 65
79 15
47 52
14 15
16 1
22 57
59 18
4 98
88 67
99 25
80 8
9 48
77 28
65 25
73 27
90 78
39 85
87 17
79 94
35 90
30 59
21 89
39 9
58 48
39 42
91 93
4 79
37 41
73 16
32 82
94 60
24 23
93 96
81 37
13 76
80 52
14 26
7 14
98 20
86 79
88 5
64 82
31 38
76 13
74 73
43 18
9 70
51 80
56 8
94 71
25 36
9 71
61 33
76 80
45 35
25 42
57 56
35 6
16 6
58 97
46 80
85 72
77 92
75 41
60 100
61 6
69 91
10 79
65 88
60 75
68 43
92 12
89 3
84 10
34 23
91 16
3 92
63 93
32 66
7 70
20 74
79 43
75 94
59 99
64 97
80 30
28 64
22 83
9 77
77 85
19 17
40 50
10 84
100 37
36 69
17 19
76 21
55 10
33 15
22 54
79 59
25 76
27 68
30 94
43 15
59 70
28 71
6 10
56 28
77 31
82 52
68 19
5 14
44 77
95 73
95 89
49 77
54 100
70 7
37 18
26 9
9 70
5 13
72 33
42 27
50 75
10 32
92 58
66 79
15 68
14 84
1 11
75 43
60 5
7 24
34 82
49 9
85 92
5 56
68 71
58 80
90 56
92 69
70 98
43 18
76 71
100 23
90 99
30 7
85 95
54 94
25 42
9 67
17 2
44 19
69 37
39 82
57 60
68 72
60 10
51 39
18 34
18 11
86 81
18 39
32 58
32 67
3 34
21 18
72 82
78 28
86 82
43 51
66 7
87 52
55 98
92 60
56 56
90 84
93 87
10 56
75 95
57 36
62 33
35 63
15 3
8 34
66 28
95 36
87 1
65 29
55 53
36 82
54 60
100 79
86 77
73 94
6 95
2 22
61 84
11 82
81 100
3 96
40 44
48 31
31 98
1 7
80 85
67 15
16 75
96 3
100 33
40 77
50 43
51 95
90 41
87 40
34 58
1 50
75 47
32 57
31 87
87 86
1 61
62 17
64 19
52 11
76 10
38 28
81 3
66 74
30 27
73 51
57 13
38 99
91 30
85 81
41 74
69 88
45 44
81 24
78 39
54 39
51 89
22 27
98 28
34 59
20 57
42 51
32 48
80 29
34 10
78 2
17 42
8 15
42 34
19 15
5 24
2 70
95 79
2 31
96 98
48 93
7 2
84 50
74 39
23 45
99 98
26 21
58 86
57 67
41 9
22 74
84 57
73 37
15 40
59 76
8 51
60 71
81 73
57 77
96 1
90 88
33 90
35 89
26 73
37 64
9 24
38 25
62 30
63 13
18 76
29 91
8 57
79 20
44 31
25 3
28 78
45 80
71 93
3 23
44 16
36 36
60 9
22 28
99 24
81 46
81 84
52 29
65 42
35 63
24 27
94 57
14 44
62 88
3 60
14 51
43 49
49 58
49 44
6 65
14 71
29 77
3 79
24 29
36 81
7 55
85 44
23 22
55 56
95 37
22 99
51 29
80 1
5 28
48 54
49 60
65 58
55 89
93 79
91 77
27 53
61 86
94 97
55 44
46 16
6 36
2 45
90 72
64 58
81 78
31 94
20 87
39 4
8 74
78 78
60 99
96 25
59 27
68 52
61 15
56 1
56 17
70 26
12 86
15 66
97 11
98 27
6 27
100 12
49 57
83 47
97 37
93 15
61 3
18 95
45 15
40 13
53 68
35 50
79 95
31 99
36 98
46 49
21 29
13 64
86 28
84 11
42 79
79 10
85 40
44 71
73 62
87 85
21 27
57 36
94 48
88 20
91 14
32 13
85 55
60 21
8 58
2 44
59 30
25 25
80 4
62 38
41 93
89 15
60 6
70 99
75 75
68 54
85 61
57 83
66 29
68 64
65 16
23 82
35 84
62 82
85 30
74 27
50 12
77 24
2 87
89 92
11 64
75 57
89 75
3 79
3 100
20 78
63 24
61 33
78 73
70 89
28 62
25 39
21 59
63 11
33 50
71 18
22 35
64 10
46 70
18 8
83 91
99 73
33 78
44 100
87 25
82 78
54 9
21 76
14 97
92 67
12 77
72 23
25 23
81 32
38 46
77 3
59 13
5 10
21 44
47 72
79 36
96 96
46 37
42 61
37 53
15 8
47 18
80 36
14 24
42 18
90 46
9 19
65 57
65 67
66 31
85 38
20 55
69 70
74 26
29 19
6 2
70 71
83 93
56 49
17 45
74 10
82 61
84 64
33 100
29 54
38 1
100 80
5 76
14 69
11 83
88 54
95 64
59 70
77 29
77 40
18 65
79 89
26 55
56 70
87 95
83 78
10 67
99 58
94 27
25 63
35 82
29 51
24 41
24 99
55 79
32 61
92 8
71 89
73 21
89 37
51 1
32 32
36 43
42 58
75 64
51 72
77 64
40 64
53 61
69 39
44 45
87 81
45 51
64 73
56 18
18 27
81 72
35 8
52 4
39 53
9 93
76 67
72 43
27 57
81 2
13 71
84 2
13 40
43 98
46 40
75 38
35 90
95 7
74 11
55 86
3 64
47 19
55 4
79 88
80 42
94 69
97 20
42 72
49 44
12 70
19 28
26 4
13 98
93 40
33 62
94 66
82 14
93 64
89 57
35 8
54 36
4 52
51 83
76 82
17 58
22 92
24 100
91 10
30 43
71 97
57 6
90 59
92 19
17 86
66 72
99 41
55 19
2 100
16 53
83 25
1 42
55 7
41 64
53 48
9 55
88 74
99 28
64 25
81 29
71 4
98 5
55 71
5 62
67 54
35 17
11 70
53 81
99 24
93 68
72 43
72 19
56 12
56 34
7 41
67 91
13 75
86 78
59 18
55 68
84 64
62 31
35 7
99 69
77 97
69 35
52 19
56 26
4 65
54 71
48 85
49 3
44 2
76 73
53 15
2 86
68 7
33 74
33 38
41 26
52 83
10 10
83 12
55 51
71 60
91 52
99 96
64 58
75 81
92 59
74 45
25 21
44 22
59 80
5 35
27 44
73 84
69 53
71 67
24 72
63 25
29 2
42 34
3 19
65 31
53 16
44 28
23 63
34 68
35 92
46 63
54 48
41 68
70 62
93 90
60 26
9 94
48 68
74 52
74 81
67 92
54 41
20 50
88 84
69 25
19 28
10 43
41 83
64 51
32 22
9 13
42 12
63 61
93 77
67 71
98 41
49 51
67 39
78 61
33 63
38 100
65 78
77 21
52 80
56 7
31 26
34 68
98 9
21 81
28 88
8 24
59 86
95 40
86 73
24 49
49 18
39 21
54 8
68 97
29 38
97 60
37 46
88 55
91 85
78 30
64 53
66 71
49 49
54 32
4 29
65 86
62 23
57 57
56 69
11 96
71 22
85 41
72 5
35 80
61 53
70 52
52 27
74 90
99 6
32 35
6 28
6 63
34 54
11 90
21 59
5 6
100 63
75 70
33 85
42 28
51 85
100 16
24 75
1 91
96 97
85 11
94 25
36 40
99 13
24 77
81 84
98 66
57 25
40 77
2 2
10 90
14 45
3 21
32 97
89 31
86 10
86 93
79 38
77 88
43 5
46 40
31 94
1 89
21 15
69 47
79 35
60 71
64 21
4 29
22 75
36 55
46 74
20 16
85 87
9 78
5 33
22 30
53 55
26 58
78 64
82 38
60 79
15 77
34 8
29 6
62 21
98 100
5 13
31 100
43 47
66 28
55 79
90 15
5 64
56 18
52 95
41 84
51 4
74 23
34 76
7 34
96 7
16 24
23 1
40 61
16 6
1 50
20 83
77 49
60 27
10 4
8 7
5 32
96 89
74 72
73 31
61 56
15 73
5 64
78 13
52 72
52 84
41 29
67 42
34 65
70 26
59 12
39 67
70 80
26 31
32 58
80 96
62 84
57 21
9 57
62 42
86 4
72 49
55 17
43 29
23 40
80 29
49 69
55 32
76 90
72 28
58 6
48 48
58 88
29 9
39 5
94 62
34 78
40 61
82 75
27 100
80 52
43 80
38 4
60 11
1 29
75 11
94 75
31 43
21 34
72 78
100 59
91 85
100 25
11 61
66 95
87 60
15 47
95 39
89 94
24 78
100 69
80 82
18 55
45 65
72 25
70 64
47 41
65 84
38 68
26 28
68 45
67 81
64 78
77 44
22 85
74 65
76 86
84 90
9 98
62 31
78 82
49 79
94 62
59 58
13 69
59 99
66 51
25 46
95 59
46 2
15 45
47 19
65 65
85 63
22 85
41 75
50 31
32 85
67 57
27 40
10 67
47 49
92 82
35 25
7 57
48 60
62 86
19 65
13 13
21 49
67 80
87 19
3 58
38 92
3 73
5 55
9 63
51 59
28 21
100 46
46 60
4 75
68 94
19 83
93 73
92 85
47 23
29 28
29 57
67 94
75 94
39 11
12 72
72 76
38 29
77 55
81 16
48 46
10 86
70 100
68 19
48 34
65 100
16 50
67 99
59 15
73 35
30 76
8 44
83 64
62 78
59 40
40 51
41 97
66 26
30 70
52 5
67 10
67 21
47 79
56 24
84 79
97 10
9 55
67 97
9 40
78 61
27 78
82 28
16 76
88 6
26 38
42 11
9 26
5 23
64 56
5 26
51 14
24 22
9 6
62 98
52 59
81 92
29 86
30 78
55 61
79 13
32 64
41 49
76 78
36 68
63 56
91 81
43 22
84 35
70 93
58 22
5 36
12 68
77 35
86 79
91 90
62 76
49 35
4 51
54 44
92 56
43 96
32 62
86 90
31 53
58 42
17 97
49 70
25 69
17 41
62 55
43 14
40 69
73 13
6 67
83 78
68 57
7 98
32 91
6 85
15 73
75 33
53 21
49 17
91 76
52 85
50 11
61 24
7 55
95 9
61 84
9 47
36 56
43 16
60 55
79 57
42 59
84 30
46 27
78 88
100 12
71 83
48 49
90 96
69 98
21 43
31 30
50 45
74 78
37 16
28 7
99 49
70 52
72 61
27 100
35 28
48 7
27 12
20 70
51 1
39 88
9 37
86 37
30 55
31 10
45 74
45 56
80 96
61 71
40 13
21 12
50 96
13 61
54 35
77 35
62 74
61 88
50 4
19 87
12 99
49 86
63 76
82 11
86 12
95 80
49 41
73 60
96 49
47 14
84 31
48 20
13 28
71 24
83 81
97 9
95 34
53 80
65 85
35 66
6 71
21 7
21 64
96 52
69 70
57 79
85 51
26 75
37 49
95 21
3 78
38 61
98 57
17 10
46 79
59 90
7 23
90 10
9 30
84 25
35 79
23 76
46 9
25 14
90 45
38 46
4 61
30 56
4 94
17 91
93 31
20 90
66 33
95 90
22 18
81 63
42 77
19 93
3 75
27 64
44 30
92 43
73 5
95 97
98 37
100 66
66 37
69 79
66 81
3 13
59 6
84 90
21 50
43 39
21 71
69 61
67 96
37 26
96 73
42 13
75 60
94 55
24 6
43 79
65 10
48 59
39 34
19 1
54 99
68 61
93 8
53 24
97 63
7 21
65 39
73 74
13 93
31 94
33 100
31 66
80 3
99 68
30 87
17 75
92 16
73 6
18 14
2 37
4 74
30 28
31 71
88 39
54 11
58 86
50 42
8 80
17 61
97 17
99 17
44 58
54 74
67 88
49 35
72 38
14 24
36 41
43 83
33 2
32 3
48 77
5 32
97 75
2 36
72 18
26 90
40 74
30 76
49 65
53 93
88 26
32 39
47 86
72 91
78 75
7 89
94 13
38 56
80 12
68 88
29 86
22 65
66 14
25 59
96 99
41 90
80 36
22 68
76 63
65 38
52 97
12 42
51 69
53 49
71 37
34 11
43 13
81 60
87 96
44 5
11 69
97 11
71 8
52 35
80 7
89 55
99 27
41 61
43 50
36 31
50 2
86 41
95 42
15 1
22 83
55 38
39 28
67 23
57 35
81 14
9 50
22 99
36 72
26 35
73 87
9 40
61 71
44 66
55 40
87 71
37 20
91 35
55 51
69 16
80 81
4 8
10 57
91 75
6 80
82 18
27 35
31 32
92 73
34 12
67 85
27 90
11 66
77 18
91 18
15 16
40 9
36 39
14 60
46 31
3 81
31 63
10 30
69 6
25 63
82 58
75 8
55 99
65 36
18 76
47 57
81 62
92 54
47 81
46 99
66 98
44 94
85 38
20 80
56 61
82 18
14 91
35 11
4 48
57 89
46 74
14 100
12 36
23 59
54 23
91 94
85 66
71 1
60 45
94 39
99 59
70 21
22 88
60 87
45 47
43 26
99 54
99 81
25 25
8 79
98 59
48 20
23 29
92 27
11 30
58 68
15 29
38 54
95 90
100 16
17 100
81 10
4 97
66 6
29 99
11 14
39 37
82 1
87 74
92 10
92 47
65 88
50 6
88 44
12 100
56 65
85 11
53 10
77 76
52 25
7 2
69 55
90 85
65 4
22 90
87 100
70 65
19 84
69 73
97 31
5 48
72 44
93 13
56 69
88 51
93 22
65 66
11 50
11 59
100 32
11 61
34 71
17 36
95 30
15 92
76 96
41 39
80 62
3 61
99 19
4 80
75 41
79 83
67 52
46 4
90 25
32 61
12 99
92 29
41 35
44 81
28 11
54 50
68 32
25 36
91 30
53 61
65 53
37 53
19 93
46 46
64 27
65 74
38 59
100 25
23 79
68 8
88 52
26 63
74 94
51 89
69 46
8 45
38 73
97 100
76 62
10 85
72 48
56 1
44 66
94 24
69 27
44 90
64 86
42 65
47 60
16 37
37 73
90 64
27 23
96 34
78 11
9 29
77 64
31 5
100 95
81 16
83 65
48 84
14 18
71 41
58 80
96 32
83 45
31 83
2 23
4 23
45 72
7 23
5 1
36 40
79 37
46 37
68 69
42 16
41 27
55 36
27 75
42 57
22 61
1 93
18 55
34 54
84 18
81 36
22 36
65 74
58 98
91 73
12 54
57 100
52 69
32 21
23 26
56 88
56 31
86 25
80 10
50 74
67 21
15 79
85 23
97 34
43 6
32 70
2 84
47 9
16 94
44 80
83 71
72 32
83 86
59 95
71 85
36 92
66 67
40 29
48 30
22 54
95 14
32 71
30 59
56 70
18 12
62 99
88 37
19 14
61 71
60 97
77 45
32 95
2 31
42 48
62 58
29 60
86 59
21 6
63 67
16 11
7 41
75 12
88 31
4 21
51 52
30 15
92 14
75 30
82 37
89 57
46 86
57 99
49 3
60 92
4 69
53 44
52 11
48 89
58 33
70 89
88 24
57 29
50 4
38 55
92 80
37 47
88 41
34 58
91 67
59 4
33 46
92 12
77 16
45 28
73 82
10 81
50 19
15 90
87 72
78 65
65 60
92 11
53 60
39 98
18 13
76 94
64 19
44 29
20 74
55 51
88 92
46 32
17 32
66 24
57 18
6 68
42 47
10 85
15 78
8 75
47 12
13 35
8 59
61 44
49 26
39 85
49 6
87 55
65 13
99 1
90 77
93 95
2 37
26 75
43 62
29 26
22 45
29 23
62 60
46 20
29 41
59 35
29 74
86 79
47 92
68 44
14 15
78 84
16 10
79 77
55 94
50 18
16 70
61 85
43 38
77 46
15 88
36 74
14 96
74 65
95 11
23 70
64 81
71 25
9 37
14 91
86 94
71 21
47 13
75 25
85 35
70 84
96 97
46 27
7 13
53 8
58 40
98 78
36 96
2 83
33 77
60 16
46 68
75 17
95 66
56 80
62 42
74 62
92 76
46 7
3 50
74 59
70 2
51 25
88 34
26 95
77 67
9 52
51 8
8 90
46 1
98 5
9 6
76 96
70 79
32 7
16 2
96 99
73 89
65 76
33 91
7 86
32 100
78 38
45 10
89 68
82 5
25 88
78 54
20 78
1 6
100 45
34 69
54 4
23 42
55 29
46 84
88 91
28 41
35 74
49 71
6 83
32 30
83 78
68 85
21 60
3 96
22 6
55 20
12 73
20 10
4 17
55 14
14 67
60 53
43 100
49 77
15 100
81 53
58 18
44 74
33 19
13 61
2 46
11 86
23 90
3 71
53 52
2 68
91 89
100 53
33 100
58 10
65 72
39 85
57 94
100 70
23 42
47 14
34 28
60 7
99 34
30 3
4 79
80 56
62 80
88 91
81 5
23 67
6 99
46 95
8 62
30 80
19 64
20 31
58 33
54 26
54 61
22 50
3 19
43 84
83 75
83 58
89 15
4 61
2 1
99 55
40 12
37 89
11 39
6 58
90 53
55 6
2 74
90 79
82 79
42 83
82 74
39 92
83 2
98 88
100 62
95 8
30 14
17 64
35 27
55 17
31 34
83 2
48 46
56 85
60 23
28 39
56 16
53 75
80 64
47 12
59 8
72 56
93 6
46 3
44 18
46 73
100 91
81 87
48 15
62 34
89 73
84 100
5 91
89 94
96 75
18 52
81 58
5 9
82 85
13 21
39 28
47 25
61 55
71 73
89 10
25 28
46 61
31 86
18 75
40 58
32 83
50 32
24 34
53 97
93 95
76 31
45 57
8 95
99 79
21 85
76 82
58 5
79 57
89 52
49 79
21 10
4 66
32 44
31 86
78 96
16 19
5 65
22 12
52 16
79 32
13 85
1 83
76 41
18 84
3 86
32 16
7 8
89 58
94 39
98 87
68 72
99 69
85 73
96 22
1 77
56 37
29 71
11 65
43 57
8 13
74 82
68 85
63 35
91 34
53 67
17 28
44 64
67 84
11 44
33 68
42 5
35 82
22 16
75 75
32 95
25 22
17 7
23 21
84 97
62 82
71 12
10 82
26 31
32 62
12 27
83 28
83 94
87 65
5 97
78 77
92 39
17 97
3 61
100 61
88 36
97 49
16 28
57 2
84 96
31 28
20 12
68 30
51 11
84 70
11 61
32 94
26 23
22 9
66 37
86 31
85 63
33 53
8 73
58 74
92 6
23 25
79 63
43 63
38 64
35 5
94 13
86 46
33 47
45 36
84 15
47 69
81 96
56 95
84 20
34 33
75 42
95 94
23 34
73 87
81 57
67 26
8 75
53 44
16 64
26 55
21 4
28 100
52 74
38 91
23 72
44 68
94 37
49 66
88 97
6 8
86 4
66 19
49 49
77 97
97 41
31 37
98 7
37 7
64 26
84 58
45 91
85 75
54 6
67 47
71 13
65 73
59 60
38 55
90 35
64 17
63 42
100 10
32 13
96 8
33 46
58 10
58 22
2 79
74 48
11 18
8 96
55 80
45 64
35 12
73 89
62 54
4 54
49 77
42 39
13 17
78 57
13 61
99 48
69 98
69 80
6 98
64 28
18 62
81 72
51 7
47 99
15 7
72 17
36 86
79 82
89 12
20 3
72 72
47 100
7 94
50 83
41 8
23 56
80 56
15 76
81 95
3 59
59 45
91 53
46 59
76 41
37 54
6 72
73 50
69 55
51 28
16 77
54 24
12 79
92 99
1 35
31 15
45 10
26 64
62 48
44 94
43 90
39 11
47 52
41 91
69 42
66 94
23 52
93 45
67 53
23 63
11 30
77 75
14 25
93 30
92 58
82 11
58 25
49 92
28 44
46 70
38 66
15 93
43 61
69 9
64 68
69 7
72 20
60 49
50 89
66 49
42 89
55 77
7 56
18 30
26 25
15 43
22 20
88 29
86 84
56 48
5 57
46 82
97 24
92 57
21 76
84 76
12 74
67 29
82 74
40 78
68 43
61 98
84 23
13 86
11 21
15 96
19 30
2 25
12 86
38 77
54 52
82 5
98 89
56 81
2 35
15 100
14 27
20 86
20 5
5 86
81 78
40 76
89 43
85 87
53 90
28 30
5 38
48 29
11 48
77 78
21 76
3 13
63 91
73 28
50 8
99 89
41 92
97 42
62 69
69 65
59 18
34 22
24 1
1 89
47 76
2 30
66 91
92 77
74 32
97 40
83 56
64 2
93 82
14 47
95 35
5 15
37 37
29 23
17 31
46 23
5 20
6 1
57 28
35 36
65 55
100 10
72 43
24 61
100 78
42 96
5 51
71 31
55 62
87 34
90 86
54 17
22 28
49 21
79 23
20 86
21 85
66 20
34 53
77 12
34 32
4 23
77 34
28 28
49 89
25 11
96 90
28 5
16 51
47 70
26 87
96 94
62 100
98 45
2 81
56 58
29 63
41 100
54 100
24 93
47 46
32 90
25 17
29 79
60 40
92 18
88 51
57 28
62 60
19 67
52 52
79 36
63 91
52 100
32 86
69 21
12 31
81 81
89 73
45 95
54 1
15 89
21 34
74 44
86 96
86 90
75 64
4 69
66 70
74 87
92 47
50 35
21 46
38 95
68 9
77 1
69 76
75 67
71 92
84 77
80 77
81 80
17 93
88 47
37 42
1 91
33 69
15 16
48 94
48 18
19 42
58 48
48 42
96 81
92 49
99 88
41 59
34 98
87 55
7 31
22 28
29 54
59 83
75 29
43 47
46 46
89 53
83 86
84 56
86 30
3 34
95 12
92 8
73 59
64 64
44 27
84 86
53 61
20 40
36 55
70 68
34 81
77 38
33 9
33 13
81 83
47 16
51 33
16 5
25 94
90 40
34 47
35 77
92 65
45 98
6 46
1 86
70 66
78 82
21 21
99 17
64 66
54 33
14 25
87 48
36 73
47 30
39 28
82 26
60 91
90 2
73 92
82 57
83 20
14 55
